17
15
17
42
17
64
17
93
17
113
17
155
17
15
30
17
191
17
191
17
191
17
191
1
1
11
1
6
3
500
1
45
9
2
2
500
7
16
28
17
186
18
17
191
1
47
9
2
1
9
10
17
191
20
12
16
51
1
92
9
2
17
186
18
1
47
9
2
17
191
17
191
17
191
17
177
17
191
17
191
17
177
17
191
17
191
1
92
9
2
17
186
18
1
124
9
2
1
11
10
17
191
20
12
16
100
1
124
9
2
17
186
18
1
92
9
2
1
3
10
17
191
20
12
16
120
1
92
9
2
1
95
9
2
9
2
9
2
9
2
1
47
9
2
17
191
17
191
1
47
9
2
17
186
18
17
191
1
92
9
2
1
9
10
17
191
20
12
16
164
1
47
9
2
17
186
18
1
45
9
2
1
42
9
2
18
1
10
9
2
18
1
32
9
2
18

